INTERPOLATION:DISCRETE
-0.00970,  1,  1,  1,255, 
0.06137,  2,  2,  2,255, 
0.13245,  3,  3,  3,255, 
0.20352,  4,  4,  4,255, 
0.27459,  5,  5,  5,255, 
0.34567,  6,  6,  6,255, 
0.41674,  7,  7,  7,255, 
0.98533,  8,  8,  8,255, 
11.93060,  9,  9,  9,255, 
22.94695, 10, 10, 10,255, 
31.97325, 11, 11, 11,255, 
39.93345, 12, 12, 12,255, 
44.97965, 13, 13, 13,255, 
49.95478, 14, 14, 14,255, 
52.93985, 15, 15, 15,255, 
56.99102, 16, 16, 16,255, 
59.97610, 17, 17, 17,255, 
62.96118, 18, 18, 18,255, 
64.95123, 19, 19, 19,255, 
66.94128, 20, 20, 20,255, 
69.99742, 21, 21, 21,255, 
70.99245, 22, 22, 22,255, 
71.98747, 23, 23, 23,255, 
73.97752, 24, 24, 24,255, 
74.97255, 25, 25, 25,255, 
75.96758, 26, 26, 26,255, 
77.95763, 27, 27, 27,255, 
79.94768, 28, 28, 28,255, 
80.94270, 29, 29, 29,255, 
81.93773, 30, 30, 30,255, 
82.93275, 31, 31, 31,255, 
83.99885, 32, 32, 32,255, 
85.98890, 33, 33, 33,255, 
86.05997, 34, 34, 34,255, 
87.97895, 35, 35, 35,255, 
88.97398, 36, 36, 36,255, 
89.96900, 37, 37, 37,255, 
90.96403, 38, 38, 38,255, 
91.95905, 39, 39, 39,255, 
92.95408, 40, 40, 40,255, 
93.94910, 41, 41, 41,255, 
94.94413, 42, 42, 42,255, 
95.93915, 43, 43, 43,255, 
96.93417, 44, 44, 44,255, 
97.92920, 45, 45, 45,255, 
98.00027, 46, 46, 46,255, 
99.99033, 47, 47, 47,255, 
100.06140, 48, 48, 48,255, 
100.98535, 49, 49, 49,255, 
101.05643, 50, 50, 50,255, 
101.98038, 51, 51, 51,255, 
102.97540, 52, 52, 52,255, 
103.97043, 53, 53, 53,255, 
104.96545, 54, 54, 54,255, 
105.96048, 55, 55, 55,255, 
106.95550, 56, 56, 56,255, 
107.95052, 57, 57, 57,255, 
108.02160, 58, 58, 58,255, 
108.94555, 59, 59, 59,255, 
109.94057, 60, 60, 60,255, 
110.01165, 61, 61, 61,255, 
110.93560, 62, 62, 62,255, 
111.93063, 63, 63, 63,255, 
112.00170, 64, 64, 64,255, 
112.99673, 65, 65, 65,255, 
113.99175, 66, 66, 66,255, 
114.98678, 67, 67, 67,255, 
115.98180, 68, 68, 68,255, 
116.05287, 69, 69, 69,255, 
116.97682, 70, 70, 70,255, 
117.04790, 71, 71, 71,255, 
117.97185, 72, 72, 72,255, 
118.96687, 73, 73, 73,255, 
119.96190, 74, 74, 74,255, 
120.95692, 75, 75, 75,255, 
121.95195, 76, 76, 76,255, 
122.02303, 77, 77, 77,255, 
122.09410, 78, 78, 78,255, 
122.94698, 79, 79, 79,255, 
123.94200, 80, 80, 80,255, 
124.93703, 81, 81, 81,255, 
125.00810, 82, 82, 82,255, 
125.93205, 83, 83, 83,255, 
126.99815, 84, 84, 84,255, 
127.06922, 85, 85, 85,255, 
127.99317, 86, 86, 86,255, 
128.98820, 87, 87, 87,255, 
129.98323, 88, 88, 88,255, 
130.05431, 89, 89, 89,255, 
130.97826, 90, 90, 90,255, 
131.97328, 91, 91, 91,255, 
132.96831, 92, 92, 92,255, 
133.96333, 93, 93, 93,255, 
134.95834, 94, 94, 94,255, 
135.02942, 95, 95, 95,255, 
135.10049, 96, 96, 96,255, 
135.95337, 97, 97, 97,255, 
136.94839, 98, 98, 98,255, 
137.94342, 99, 99, 99,255, 
138.93845,100,100,100,255, 
139.00952,101,101,101,255, 
139.93347,102,102,102,255, 
140.99957,103,103,103,255, 
141.07065,104,104,104,255, 
142.98962,105,105,105,255, 
143.98465,106,106,106,255, 
144.97968,107,107,107,255, 
145.97470,108,108,108,255, 
146.96973,109,109,109,255, 
147.96475,110,110,110,255, 
148.95978,111,111,111,255, 
149.95480,112,112,112,255, 
150.02588,113,113,113,255, 
150.94983,114,114,114,255, 
151.94485,115,115,115,255, 
152.93988,116,116,116,255, 
153.93491,117,117,117,255, 
154.92993,118,118,118,255, 
155.99603,119,119,119,255, 
156.99104,120,120,120,255, 
158.98109,121,121,121,255, 
159.97612,122,122,122,255, 
160.97115,123,123,123,255, 
161.96617,124,124,124,255, 
162.96120,125,125,125,255, 
163.95622,126,126,126,255, 
164.95125,127,127,127,255, 
166.94130,128,128,128,255, 
167.93633,129,129,129,255, 
168.93135,130,130,130,255, 
169.99745,131,131,131,255, 
170.99248,132,132,132,255, 
171.98750,133,133,133,255, 
173.97755,134,134,134,255, 
175.96761,135,135,135,255, 
176.96263,136,136,136,255, 
178.95268,137,137,137,255, 
180.94273,138,138,138,255, 
181.93774,139,139,139,255, 
183.99887,140,140,140,255, 
184.99390,141,141,141,255, 
185.98892,142,142,142,255, 
186.98395,143,143,143,255, 
187.97897,144,144,144,255, 
190.96405,145,145,145,255, 
192.95410,146,146,146,255, 
193.94913,147,147,147,255, 
195.93918,148,148,148,255, 
197.92923,149,149,149,255, 
200.98538,150,150,150,255, 
202.97542,151,151,151,255, 
204.96547,152,152,152,255, 
206.95552,153,153,153,255, 
208.94557,154,154,154,255, 
209.94060,155,155,155,255, 
211.93065,156,156,156,255, 
212.99675,157,157,157,255, 
215.98183,158,158,158,255, 
216.97685,159,159,159,255, 
219.96193,160,160,160,255, 
221.95198,161,161,161,255, 
223.94203,162,162,162,255, 
225.93208,163,163,163,255, 
228.98822,164,164,164,255, 
231.97330,165,165,165,255, 
233.96335,166,166,166,255, 
235.95340,167,167,167,255, 
236.02448,168,168,168,255, 
238.93848,169,169,169,255, 
239.93350,170,170,170,255, 
242.98965,171,171,171,255, 
246.96976,172,172,172,255, 
249.95482,173,173,173,255, 
252.93990,174,174,174,255, 
255.99605,175,175,175,255, 
258.98114,176,176,176,255, 
262.96121,177,177,177,255, 
265.94629,178,178,178,255, 
268.93137,179,179,179,255, 
271.98752,180,180,180,255, 
275.96762,181,181,181,255, 
277.95767,182,182,182,255, 
280.94275,183,183,183,255, 
282.93280,184,184,184,255, 
286.98398,185,185,185,255, 
293.94916,186,186,186,255, 
297.92926,187,187,187,255, 
301.98044,188,188,188,255, 
304.96552,189,189,189,255, 
309.94061,190,190,190,255, 
312.99677,191,191,191,255, 
316.97687,192,192,192,255, 
320.95697,193,193,193,255, 
323.94205,194,194,194,255, 
326.99820,195,195,195,255, 
334.95840,196,196,196,255, 
339.93353,197,197,197,255, 
343.98471,198,198,198,255, 
349.95486,199,199,199,255, 
353.93494,200,200,200,255, 
356.99109,201,201,201,255, 
359.97617,202,202,202,255, 
366.94135,203,203,203,255, 
371.98755,204,204,204,255, 
376.96268,205,205,205,255, 
385.98898,206,206,206,255, 
392.95416,207,207,207,255, 
399.99039,208,208,208,255, 
403.97049,209,209,209,255, 
405.96054,210,210,210,255, 
414.98685,211,211,211,255, 
419.96198,212,212,212,255, 
428.98828,213,213,213,255, 
436.94849,214,214,214,255, 
443.98471,215,215,215,255, 
452.93994,216,216,216,255, 
460.97122,217,217,217,255, 
473.97763,218,218,218,255, 
482.93286,219,219,219,255, 
492.95416,220,220,220,255, 
502.97549,221,221,221,255, 
512.99683,222,222,222,255, 
523.94208,223,223,223,255, 
533.96344,224,224,224,255, 
552.94000,225,225,225,255, 
564.95135,226,226,226,255, 
573.97766,227,227,227,255, 
594.94427,228,228,228,255, 
604.96558,229,229,229,255, 
621.95209,230,230,230,255, 
640.99969,231,231,231,255, 
658.98120,232,232,232,255, 
670.99261,233,233,233,255, 
686.98407,234,234,234,255, 
715.98193,235,235,235,255, 
736.94855,236,236,236,255, 
754.93005,237,237,237,255, 
769.99762,238,238,238,255, 
782.93292,239,239,239,255, 
806.95569,240,240,240,255, 
856.99121,241,241,241,255, 
892.95428,242,242,242,255, 
926.99835,243,243,243,255, 
946.96991,244,244,244,255, 
983.99908,245,245,245,255, 
1008.94580,246,246,246,255, 
1056.99133,247,247,247,255, 
1181.93799,248,248,248,255, 
1291.79346,249,249,249,255, 
1401.64905,250,250,250,255, 
1511.50452,251,251,251,255, 
1621.35999,252,252,252,255, 
1731.21558,253,253,253,255, 
1841.07104,254,254,254,255, 
